Comparison,Expected_Overlap,Observed_Overlap,(Obs - Exp)^2/Exp
cluster_1_pos.cluster_1_neg.,9.28864239209067,0,9.28864239209067
cluster_1_pos.cluster_2_pos.,25.2857487340246,0,25.2857487340246
cluster_1_pos.cluster_2_neg.,20.5124186158669,287,3462.07984352623
cluster_1_pos.cluster_3_pos.,24.3052809259706,0,24.3052809259706
cluster_1_pos.cluster_3_neg.,25.8791897757415,224,1516.73432530374
cluster_1_pos.cluster_4_pos.,4.41210513624307,0,4.41210513624307
cluster_1_pos.cluster_4_neg.,167.969616590306,310,120.096897409176
cluster_1_pos.aba_0.5hr_upx.,65.0979020979021,99,17.6557493425041
cluster_1_pos.aba_4.0hr_upx.,60.6083916083916,165,179.803614869035
cluster_1_pos.aba_0.5hr_downx.,107.696648179407,260,215.385635188439
cluster_1_pos.aba_4.0hr_upx.1.,48.9201832650108,64,4.64840598672701
cluster_1_pos.cold_0.5hr_upx.,78.2826139377863,198,183.083469044089
cluster_1_pos.cold_4.0hr_upx.,73.2770677598264,182,161.314806340845
cluster_1_pos.cold_0.5hr_downx.,102.355678803955,180,58.8989363798907
cluster_1_pos.cold_4.0hr_downx.,97.9177718832891,193,92.3287972117464
cluster_1_pos.drought_0.5hr_upx.,65.6655413551965,128,59.1723551553912
cluster_1_pos.drought_4.0hr_upx.,93.7378828068483,163,51.1771840202838
cluster_1_pos.drought_0.5hr_downx.,94.537738123945,225,180.038174295026
cluster_1_pos.drought_4hr_downx.,10.939956595129,5,3.22515761787632
cluster_1_pos.salt_0.5hr_upx.,63.5239932481312,125,59.4940464682926
cluster_1_pos.salt_4.0hr_upx.,65.5881360019291,119,43.4960861773006
cluster_1_pos.salt_0.5hr_downx.,103.155534121051,236,171.078093531598
cluster_1_pos.salt_4hr_downx.,111.360501567398,269,223.151037543076
cluster_1_pos.sporeUpx.,2.50277308897999,1,0.902329886359309
cluster_1_pos.caulonemaUpx.,4.51531227393296,16,29.2112802312093
cluster_1_pos.chloronemaUpx.,1.70291777188329,7,16.477061074064
cluster_1_pos.gamUpx.,2.99300699300699,8,8.37618456310045
cluster_1_pos.rhizUpx.,1.10947673016639,4,7.53068950999686
cluster_1_neg.cluster_2_pos.,12.1533638775018,174,2155.31550673464
cluster_1_neg.cluster_2_neg.,9.85910641083055,24,20.2822510649186
cluster_1_neg.cluster_3_pos.,11.6821109924558,170,2145.55006333971
cluster_1_neg.cluster_3_neg.,12.4385958868717,48,101.668506156064
cluster_1_neg.cluster_4_pos.,2.12063798270695,17,104.400381322538
cluster_1_neg.cluster_4_neg.,80.7330600434049,145,51.1592099836677
cluster_1_neg.aba_0.5hr_upx.,31.2887112887113,35,0.440211927280893
cluster_1_neg.aba_4.0hr_upx.,29.1308691308691,10,12.5636537673575
cluster_1_neg.aba_0.5hr_downx.,51.7634090047883,12,30.5452968821242
cluster_1_neg.aba_4.0hr_upx.1.,23.5130386854525,14,3.84883920115806
cluster_1_neg.cold_0.5hr_upx.,37.6258224534087,32,0.841174390711817
cluster_1_neg.cold_4.0hr_upx.,35.2199524613318,32,0.294381256323947
cluster_1_neg.cold_0.5hr_downx.,49.1963209204588,16,22.3999620710624
cluster_1_neg.cold_4.0hr_downx.,47.0632815460402,10,29.1880802577954
cluster_1_neg.drought_0.5hr_upx.,31.5615419063695,28,0.401899906806077
cluster_1_neg.drought_4.0hr_upx.,45.0542560887388,42,0.207049923035572
cluster_1_neg.drought_0.5hr_downx.,45.4386992318027,13,23.1579958414582
cluster_1_neg.drought_4hr_downx.,5.25819008577629,0,5.25819008577629
cluster_1_neg.salt_0.5hr_upx.,30.5322263942954,26,0.672767056810028
cluster_1_neg.salt_4.0hr_upx.,31.5243377312343,20,4.21294687539024
cluster_1_neg.salt_0.5hr_downx.,49.5807640635227,16,22.7440568210125
cluster_1_neg.salt_4hr_downx.,53.5244066278549,12,32.214768073638
cluster_1_neg.sporeUpx.,1.20293499603844,1,0.0342351105859816
cluster_1_neg.caulonemaUpx.,2.17024354955389,9,21.4932435495539
cluster_1_neg.chloronemaUpx.,0.818491852974612,5,21.3624733344561
cluster_1_neg.gamUpx.,1.43856143856144,4,4.56078366078366
cluster_1_neg.rhizUpx.,0.533259843604671,6,56.0425621691861
cluster_2_pos.cluster_2_neg.,26.8386785628165,0,26.8386785628165
cluster_2_pos.cluster_3_pos.,31.8013021461297,3,26.0843094254746
cluster_2_pos.cluster_3_neg.,33.8606221364842,274,1703.06737331153
cluster_2_pos.cluster_4_pos.,5.77284784181336,0,5.77284784181336
cluster_2_pos.cluster_4_neg.,219.773330118158,711,1097.96598647102
cluster_2_pos.aba_0.5hr_upx.,85.1748251748252,178,101.162674107502
cluster_2_pos.aba_4.0hr_upx.,79.3006993006993,88,0.954314820981493
cluster_2_pos.aba_0.5hr_downx.,140.911502290813,143,0.0309543409187351
cluster_2_pos.aba_4.0hr_upx.1.,64.0077164215095,109,31.6259615993275
cluster_2_pos.cold_0.5hr_upx.,102.425850012057,139,13.059871577176
cluster_2_pos.cold_4.0hr_upx.,95.8765372558476,138,18.5069899721454
cluster_2_pos.cold_0.5hr_downx.,133.923318061249,183,17.9843267399916
cluster_2_pos.cold_4.0hr_downx.,128.116710875332,171,14.3539158442757
cluster_2_pos.drought_0.5hr_upx.,85.9175307451169,132,24.7166550785438
cluster_2_pos.drought_4.0hr_upx.,122.647697130456,193,40.35498941153
cluster_2_pos.drought_0.5hr_downx.,123.694236797685,142,2.70910735289406
cluster_2_pos.drought_4hr_downx.,14.3139619001688,15,0.0328803637806567
cluster_2_pos.salt_0.5hr_upx.,83.1155051844707,94,1.42539261629152
cluster_2_pos.salt_4.0hr_upx.,85.8162527128044,79,0.541404449344842
cluster_2_pos.salt_0.5hr_downx.,134.969857728478,155,2.97256443897652
cluster_2_pos.salt_4hr_downx.,145.705329153605,214,32.0109229573916
cluster_2_pos.sporeUpx.,3.27465637810465,7,4.23805843996032
cluster_2_pos.caulonemaUpx.,5.90788521823004,13,8.51372195292393
cluster_2_pos.chloronemaUpx.,2.22811671087533,16,85.1233548061134
cluster_2_pos.gamUpx.,3.91608391608392,2,0.937512487512488
cluster_2_pos.rhizUpx.,1.45165179647938,5,8.67341259382158
cluster_2_neg.cluster_3_pos.,25.7979951083399,190,1045.13154209121
cluster_2_neg.cluster_3_neg.,27.4685659168418,53,23.7309122112918
cluster_2_neg.cluster_4_pos.,4.68307554514451,102,2022.3000235756
cluster_2_neg.cluster_4_neg.,178.285507595852,132,12.0163901278062
cluster_2_neg.aba_0.5hr_upx.,69.0959040959041,144,81.2005234843231
cluster_2_neg.aba_4.0hr_upx.,64.3306693306693,114,38.3493974927937
cluster_2_neg.aba_0.5hr_downx.,114.310861552241,174,31.1675828548238
cluster_2_neg.aba_4.0hr_upx.1.,51.9246270970409,77,12.109366236706
cluster_2_neg.cold_0.5hr_upx.,83.0903579179441,237,285.089371611804
cluster_2_neg.cold_4.0hr_upx.,77.7773950187743,260,426.924529397373
cluster_2_neg.cold_0.5hr_downx.,108.641875366013,91,2.86478639457756
cluster_2_neg.cold_4.0hr_downx.,103.931413414172,84,3.82234040350755
cluster_2_neg.drought_0.5hr_upx.,69.6984050432326,206,266.550214115158
cluster_2_neg.drought_4.0hr_upx.,99.4948155292983,104,0.203997434510294
cluster_2_neg.drought_0.5hr_downx.,100.343794136898,126,6.5598565905517
cluster_2_neg.drought_4hr_downx.,11.6118364394226,9,0.587477236859456
cluster_2_neg.salt_0.5hr_upx.,67.4253332874023,218,336.264266710656
cluster_2_neg.salt_4.0hr_upx.,69.6162458231424,123,40.9362093045788
cluster_2_neg.salt_0.5hr_downx.,109.490853973613,126,2.48926638736664
cluster_2_neg.salt_4hr_downx.,118.19973130318,186,38.8907519896993
cluster_2_neg.sporeUpx.,2.6564814495849,6,4.20824180749192
cluster_2_neg.caulonemaUpx.,4.79262117193152,14,17.6888224297932
cluster_2_neg.chloronemaUpx.,1.8075028419856,5,5.63873973926023
cluster_2_neg.gamUpx.,3.17682317682318,17,60.1482068246219
cluster_2_neg.rhizUpx.,1.17761548796032,4,6.76439331449242
cluster_3_pos.cluster_3_neg.,32.5476592373144,0,32.5476592373144
cluster_3_pos.cluster_4_pos.,5.54900272141652,34,145.874725024343
cluster_3_pos.cluster_4_neg.,211.251507113576,269,15.786341485651
cluster_3_pos.aba_0.5hr_upx.,81.8721278721279,162,78.4207771143857
cluster_3_pos.aba_4.0hr_upx.,76.2257742257742,77,0.00786381713487153
cluster_3_pos.aba_0.5hr_downx.,135.447586895863,32,79.0077068172851
cluster_3_pos.aba_4.0hr_upx.1.,61.5257845602673,55,0.692162878236987
cluster_3_pos.cold_0.5hr_upx.,98.4542354197527,177,62.6629936964385
cluster_3_pos.cold_4.0hr_upx.,92.1588756071515,169,64.0693406799662
cluster_3_pos.cold_0.5hr_downx.,128.730373075201,33,71.1899150930261
cluster_3_pos.cold_4.0hr_downx.,123.148920045472,29,71.9780501725526
cluster_3_pos.drought_0.5hr_upx.,82.5860346550002,152,58.3427767787264
cluster_3_pos.drought_4.0hr_upx.,117.891970098867,154,11.0591910733848
cluster_3_pos.drought_0.5hr_downx.,118.89792965655,33,62.0570462462647
cluster_3_pos.drought_4hr_downx.,13.758930724448,8,2.4104549803467
cluster_3_pos.salt_0.5hr_upx.,79.8926590650729,170,101.628021715361
cluster_3_pos.salt_4.0hr_upx.,82.488683730063,139,38.7147511895254
cluster_3_pos.salt_0.5hr_downx.,129.736332632884,37,66.2885038883635
cluster_3_pos.salt_4hr_downx.,140.05553067622,47,61.8278460523746
cluster_3_pos.sporeUpx.,3.1476799063006,7,4.71470115961116
cluster_3_pos.caulonemaUpx.,5.67880395466602,8,0.948782723243518
cluster_3_pos.chloronemaUpx.,2.1417203486169,9,21.9617840428844
cluster_3_pos.gamUpx.,3.76423576423576,12,18.0190128342995
cluster_3_pos.rhizUpx.,1.39536325743222,4,4.86191142313607
cluster_3_neg.cluster_4_pos.,5.90833304626408,0,5.90833304626408
cluster_3_neg.cluster_4_neg.,224.931275620931,815,1547.94436002364
cluster_3_neg.aba_0.5hr_upx.,87.1738261738262,169,76.8065716156616
cluster_3_neg.aba_4.0hr_upx.,81.1618381618382,169,95.0636758586244
cluster_3_neg.aba_0.5hr_downx.,144.21860897723,412,497.209575703309
cluster_3_neg.aba_4.0hr_upx.1.,65.5099383375246,175,182.996258385818
cluster_3_neg.cold_0.5hr_upx.,104.829722002136,168,38.0663417408103
cluster_3_neg.cold_4.0hr_upx.,98.1267008853216,150,27.4220893677616
cluster_3_neg.cold_0.5hr_downx.,137.066416342278,430,626.047479203606
cluster_3_neg.cold_4.0hr_downx.,131.123531640773,410,593.120728456124
cluster_3_neg.drought_0.5hr_upx.,87.933962589135,159,57.4338005996614
cluster_3_neg.drought_4.0hr_upx.,125.526163491681,229,85.2956431067853
cluster_3_neg.drought_0.5hr_downx.,126.597264804161,401,594.774786006929
cluster_3_neg.drought_4hr_downx.,14.6499018223156,24,5.96757145492721
cluster_3_neg.salt_0.5hr_upx.,85.0661752041063,109,6.73391001753758
cluster_3_neg.salt_4.0hr_upx.,87.8303076234111,127,17.4685122071422
cluster_3_neg.salt_0.5hr_downx.,138.137517654759,432,625.13906429049
cluster_3_neg.salt_4hr_downx.,149.124944021496,464,664.853901726693
cluster_3_neg.sporeUpx.,3.35151055840711,6,2.09293576731646
cluster_3_neg.caulonemaUpx.,6.04653966722932,13,7.99641005606282
cluster_3_neg.chloronemaUpx.,2.28040924592649,12,41.4269695649693
cluster_3_neg.gamUpx.,4.00799200799201,1,2.25749350350547
cluster_3_neg.rhizUpx.,1.48572117537635,1,0.158794977226611
cluster_4_pos.cluster_4_neg.,38.3482035206173,0,38.3482035206173
cluster_4_pos.aba_0.5hr_upx.,14.8621378621379,55,108.399477379514
cluster_4_pos.aba_4.0hr_upx.,13.8371628371628,27,12.5213733634786
cluster_4_pos.aba_0.5hr_downx.,24.5876192772745,47,20.4295830350958
cluster_4_pos.aba_4.0hr_upx.1.,11.1686933755899,37,59.7434614314539
cluster_4_pos.cold_0.5hr_upx.,17.8722656653691,73,170.043751014647
cluster_4_pos.cold_4.0hr_upx.,16.7294774191326,86,286.823382369301
cluster_4_pos.cold_0.5hr_downx.,23.368252437218,32,3.18838844230082
cluster_4_pos.cold_4.0hr_downx.,22.3550587343691,26,0.594299347980402
cluster_4_pos.drought_0.5hr_upx.,14.9917324055255,82,299.505607794719
cluster_4_pos.drought_4.0hr_upx.,21.400771642151,29,2.69842006635855
cluster_4_pos.drought_0.5hr_downx.,21.5833821351063,27,1.35936754076015
cluster_4_pos.drought_4hr_downx.,2.49764029074374,3,0.10104148240213
cluster_4_pos.salt_0.5hr_upx.,14.5028075372903,78,278.007788511252
cluster_4_pos.salt_4.0hr_upx.,14.9740604223363,42,48.7777790028158
cluster_4_pos.salt_0.5hr_downx.,23.5508629301733,35,5.56594210718868
cluster_4_pos.salt_4hr_downx.,25.4240931482311,46,16.6522337809373
cluster_4_pos.sporeUpx.,0.571394123118261,0,0.571394123118261
cluster_4_pos.caulonemaUpx.,1.0308656860381,5,15.2823276743422
cluster_4_pos.chloronemaUpx.,0.388783630162941,0,0.388783630162941
cluster_4_pos.gamUpx.,0.683316683316683,2,2.53711785290733
cluster_4_pos.rhizUpx.,0.253298425712219,1,2.20121084241288
cluster_4_neg.aba_0.5hr_upx.,565.804195804196,1194,697.467377116766
cluster_4_neg.aba_4.0hr_upx.,526.783216783217,1068,556.045821323241
cluster_4_neg.aba_0.5hr_downx.,936.054979503255,1880,951.901566928741
cluster_4_neg.aba_4.0hr_upx.1.,425.194116228599,903,536.927614595279
cluster_4_neg.cold_0.5hr_upx.,680.400289365807,1264,500.570954444733
cluster_4_neg.cold_4.0hr_upx.,636.894140342416,1135,389.561516913672
cluster_4_neg.cold_0.5hr_downx.,889.633469978298,1944,1249.60314235606
cluster_4_neg.cold_4.0hr_downx.,851.06100795756,1899,1290.36123236149
cluster_4_neg.drought_0.5hr_upx.,570.737882806848,1100,490.800413174214
cluster_4_neg.drought_4.0hr_upx.,814.731130938027,1670,897.823601688525
cluster_4_neg.drought_0.5hr_downx.,821.683144441765,1717,975.549124098525
cluster_4_neg.drought_4hr_downx.,95.0856040511213,183,81.2840291880659
cluster_4_neg.salt_0.5hr_upx.,552.124427296841,1077,498.971523808987
cluster_4_neg.salt_4.0hr_upx.,570.065107306487,1185,663.33637580221
cluster_4_neg.salt_0.5hr_downx.,896.585483482035,1802,914.330492545707
cluster_4_neg.salt_4hr_downx.,967.899686520376,2064,1241.28141990553
cluster_4_neg.sporeUpx.,21.7530745116952,41,17.029507279681
cluster_4_neg.caulonemaUpx.,39.2452375210996,35,0.459216015723246
cluster_4_neg.chloronemaUpx.,14.8010610079576,39,39.563964233764
cluster_4_neg.gamUpx.,26.013986013986,18,2.46882472366343
cluster_4_neg.rhizUpx.,9.64311550518447,6,1.37634881351155
aba_0.5hr_upx.aba_4.0hr_upx.,204.158841158841,872,2184.63139245237
aba_0.5hr_upx.aba_0.5hr_downx.,362.775224775225,0,362.775224775225
aba_0.5hr_upx.aba_4.0hr_upx.1.,164.787212787213,450,493.644698601268
aba_0.5hr_upx.cold_0.5hr_upx.,263.694305694306,2034,11884.9068167756
aba_0.5hr_upx.cold_4.0hr_upx.,246.833166833167,1950,11751.9752260852
aba_0.5hr_upx.cold_0.5hr_downx.,344.784215784216,236,34.3229331913302
aba_0.5hr_upx.cold_4.0hr_downx.,329.835164835165,260,14.786022739546
aba_0.5hr_upx.drought_0.5hr_upx.,221.193806193806,1911,12909.2447106041
aba_0.5hr_upx.drought_4.0hr_upx.,315.755244755245,1511,4524.42215503806
aba_0.5hr_upx.drought_0.5hr_downx.,318.44955044955,312,0.130622577242061
aba_0.5hr_upx.drought_4hr_downx.,36.8511488511488,120,187.612372013153
aba_0.5hr_upx.salt_0.5hr_upx.,213.98001998002,1740,10882.964585374
aba_0.5hr_upx.salt_4.0hr_upx.,220.933066933067,1339,5658.15558608262
aba_0.5hr_upx.salt_0.5hr_downx.,347.478521478521,406,9.85604357290202
aba_0.5hr_upx.salt_4hr_downx.,375.116883116883,659,214.838701424597
aba_0.5hr_upx.sporeUpx.,8.43056943056943,5,1.39596817449644
aba_0.5hr_upx.caulonemaUpx.,15.2097902097902,22,3.03139940519251
aba_0.5hr_upx.chloronemaUpx.,5.73626373626374,22,46.1117426634668
aba_0.5hr_upx.gamUpx.,10.0819180819181,13,0.844601395433738
aba_0.5hr_upx.rhizUpx.,3.73726273726274,7,2.8484629511093
aba_4.0hr_upx.aba_0.5hr_downx.,337.756243756244,829,714.481027396297
aba_4.0hr_upx.aba_4.0hr_upx.1.,153.422577422577,0,153.422577422577
aba_4.0hr_upx.cold_0.5hr_upx.,245.508491508491,1062,2715.41884088226
aba_4.0hr_upx.cold_4.0hr_upx.,229.81018981019,966,2358.36120702459
aba_4.0hr_upx.cold_0.5hr_downx.,321.005994005994,766,616.872173941076
aba_4.0hr_upx.cold_4.0hr_downx.,307.087912087912,775,712.961055762988
aba_4.0hr_upx.drought_0.5hr_upx.,205.939060939061,781,1605.79096615141
aba_4.0hr_upx.drought_4.0hr_upx.,293.979020979021,1143,2452.00021558403
aba_4.0hr_upx.drought_0.5hr_downx.,296.487512487512,776,775.520775736205
aba_4.0hr_upx.drought_4hr_downx.,34.3096903096903,125,239.720387957023
aba_4.0hr_upx.salt_0.5hr_upx.,199.222777222777,706,1289.12545596434
aba_4.0hr_upx.salt_4.0hr_upx.,205.696303696304,914,2439.00409089604
aba_4.0hr_upx.salt_0.5hr_downx.,323.514485514485,886,977.977704778439
aba_4.0hr_upx.salt_4hr_downx.,349.246753246753,883,815.73422163884
aba_4.0hr_upx.sporeUpx.,7.84915084915085,8,0.00289909911903043
aba_4.0hr_upx.caulonemaUpx.,14.1608391608392,10,1.22256755590089
aba_4.0hr_upx.chloronemaUpx.,5.34065934065934,11,5.99703794148238
aba_4.0hr_upx.gamUpx.,9.38661338661339,9,0.0159237314409729
aba_4.0hr_upx.rhizUpx.,3.47952047952048,9,8.75859024696234
aba_0.5hr_downx.aba_4.0hr_upx.1.,272.620620758552,995,1914.13241632746
aba_0.5hr_downx.cold_0.5hr_upx.,436.250508112577,453,0.643083442356585
aba_0.5hr_downx.cold_4.0hr_upx.,408.355782148886,473,10.2334167514217
aba_0.5hr_downx.cold_0.5hr_downx.,570.40400978332,3174,11884.0540459163
aba_0.5hr_downx.cold_4.0hr_downx.,545.67260325881,3068,11659.2540258681
aba_0.5hr_downx.drought_0.5hr_upx.,365.938544214406,358,0.172216032556436
aba_0.5hr_downx.drought_4.0hr_upx.,522.379069206655,789,136.082636015777
aba_0.5hr_downx.drought_0.5hr_downx.,526.836473870957,2970,11329.9824735927
aba_0.5hr_downx.drought_4hr_downx.,60.9657928278618,183,244.273830116197
aba_0.5hr_downx.salt_0.5hr_upx.,354.004202693858,352,0.0113468382790388
aba_0.5hr_downx.salt_4.0hr_upx.,365.5071824727,658,234.063932003439
aba_0.5hr_downx.salt_0.5hr_downx.,574.861414447621,3101,11100.7209616745
aba_0.5hr_downx.salt_4hr_downx.,620.585759068518,2895,8335.60884013259
aba_0.5hr_downx.sporeUpx.,13.9473629818457,21,3.56624323713252
aba_0.5hr_downx.caulonemaUpx.,25.1627682662165,24,0.0537313711518562
aba_0.5hr_downx.chloronemaUpx.,9.48995831754453,5,2.12432183774896
aba_0.5hr_downx.gamUpx.,16.6793206793207,7,5.61709020495556
aba_0.5hr_downx.rhizUpx.,6.18285163112749,6,0.00540765345842335
aba_4.0hr_upx.1.cold_0.5hr_upx.,198.162664921286,525,539.065437194176
aba_4.0hr_upx.1.cold_4.0hr_upx.,185.491749629681,494,513.108214982982
aba_4.0hr_upx.1.cold_0.5hr_downx.,259.100623514417,988,2050.53269974671
aba_4.0hr_upx.1.cold_4.0hr_downx.,247.866616142478,925,1849.82401692521
aba_4.0hr_upx.1.drought_0.5hr_upx.,166.224120706879,512,719.275627342709
aba_4.0hr_upx.1.drought_4.0hr_upx.,237.285748734025,742,1073.54308798591
aba_4.0hr_upx.1.drought_0.5hr_downx.,239.310482620827,846,1538.05285279108
aba_4.0hr_upx.1.drought_4hr_downx.,27.6931344517551,71,67.7238110001987
aba_4.0hr_upx.1.salt_0.5hr_upx.,160.803059009956,561,995.985975415266
aba_4.0hr_upx.1.salt_4.0hr_upx.,166.028178717834,440,452.095297535204
aba_4.0hr_upx.1.salt_0.5hr_downx.,261.125357401219,891,1519.35480084129
aba_4.0hr_upx.1.salt_4hr_downx.,281.895208240036,982,1738.75505903562
aba_4.0hr_upx.1.sporeUpx.,6.33545764580247,7,0.0697055469725982
aba_4.0hr_upx.1.caulonemaUpx.,11.4299493609838,22,9.77484387575178
aba_4.0hr_upx.1.chloronemaUpx.,4.31072375899962,8,3.15741855506151
aba_4.0hr_upx.1.gamUpx.,7.57642357642358,7,0.0438550110227326
aba_4.0hr_upx.1.rhizUpx.,2.8085018429846,3,0.0130573331229589
cold_0.5hr_upx.cold_4.0hr_upx.,296.825932688002,2305,13586.289607867
cold_0.5hr_upx.cold_0.5hr_downx.,414.615660201867,0,414.615660201867
cold_0.5hr_upx.cold_4.0hr_downx.,396.638878363016,288,29.7560489800808
cold_0.5hr_upx.drought_0.5hr_upx.,265.993661510903,1937,10497.4763962798
cold_0.5hr_upx.drought_4.0hr_upx.,379.707258258982,1707,4639.64273518522
cold_0.5hr_upx.drought_0.5hr_downx.,382.947259636915,540,64.4098178922625
cold_0.5hr_upx.drought_4hr_downx.,44.3148575562369,155,276.458087273529
cold_0.5hr_upx.salt_0.5hr_upx.,257.318819111923,1958,11240.2057844391
cold_0.5hr_upx.salt_4.0hr_upx.,265.680112990458,1528,5997.63181069188
cold_0.5hr_upx.salt_0.5hr_downx.,417.855661579799,582,64.4800736539975
cold_0.5hr_upx.salt_4hr_downx.,451.091804746977,822,304.977585179187
cold_0.5hr_upx.sporeUpx.,10.138068827724,6,1.68904097160537
cold_0.5hr_upx.caulonemaUpx.,18.2903303592959,22,0.752400234048679
cold_0.5hr_upx.chloronemaUpx.,6.89806744979159,19,21.2315655820702
cold_0.5hr_upx.gamUpx.,12.1238761238761,22,8.04510222802906
cold_0.5hr_upx.rhizUpx.,4.4941954597127,12,12.5355255021772
cold_4.0hr_upx.cold_0.5hr_downx.,388.10430948362,216,76.3194136706274
cold_4.0hr_upx.cold_4.0hr_downx.,371.276998863206,0,371.276998863206
cold_4.0hr_upx.drought_0.5hr_upx.,248.985497261359,2064,13230.8013172896
cold_4.0hr_upx.drought_4.0hr_upx.,355.428020255606,1501,3692.26703013376
cold_4.0hr_upx.drought_0.5hr_downx.,358.460849495332,373,0.58970707036762
cold_4.0hr_upx.drought_4hr_downx.,41.4812773433463,146,263.351663338563
cold_4.0hr_upx.salt_0.5hr_upx.,240.865341554997,1912,11594.4080149798
cold_4.0hr_upx.salt_4.0hr_upx.,248.691997657515,1556,6872.1721208831
cold_4.0hr_upx.salt_0.5hr_downx.,391.137138723346,538,55.1435746878068
cold_4.0hr_upx.salt_4hr_downx.,422.248096730855,745,246.700439552848
cold_4.0hr_upx.sporeUpx.,9.48982052430328,2,5.91132480773584
cold_4.0hr_upx.caulonemaUpx.,17.1208102242585,16,0.0733736045401901
cold_4.0hr_upx.chloronemaUpx.,6.45699128457749,15,11.3029419888028
cold_4.0hr_upx.gamUpx.,11.3486513486513,15,1.17479571484853
cold_4.0hr_upx.rhizUpx.,4.20682765510352,12,14.4368964399053
cold_0.5hr_downx.cold_4.0hr_downx.,518.611216369837,3049,12346.1799402257
cold_0.5hr_downx.drought_0.5hr_upx.,347.790657618244,306,5.02158130447052
cold_0.5hr_downx.drought_4.0hr_upx.,496.472871955631,802,188.019993123376
cold_0.5hr_downx.drought_0.5hr_downx.,500.70922181267,2701,9668.84430658134
cold_0.5hr_downx.drought_4hr_downx.,57.9423335285404,162,186.875420648221
cold_0.5hr_downx.salt_0.5hr_upx.,336.448172517138,251,21.7013816181351
cold_0.5hr_downx.salt_4.0hr_upx.,347.38068827724,588,166.669176289176
cold_0.5hr_downx.salt_0.5hr_downx.,546.352475111096,2878,9950.68280639723
cold_0.5hr_downx.salt_4hr_downx.,589.809225257501,2770,8058.93094024956
cold_0.5hr_downx.sporeUpx.,13.2556753591236,19,2.48929342985667
cold_0.5hr_downx.caulonemaUpx.,23.914878225223,24,0.000302979445387094
cold_0.5hr_downx.chloronemaUpx.,9.01932550208412,8,0.115199798361747
cold_0.5hr_downx.gamUpx.,15.8521478521479,2,12.1044795889767
cold_0.5hr_downx.rhizUpx.,5.87622722105481,2,2.55693609250004
cold_4.0hr_downx.drought_0.5hr_upx.,332.711254262978,197,55.3559409176864
cold_4.0hr_downx.drought_4.0hr_upx.,474.946949602122,784,201.104119186886
cold_4.0hr_downx.drought_0.5hr_downx.,478.999621068587,2799,11236.7557749513
cold_4.0hr_downx.drought_4hr_downx.,55.4300871542251,162,204.891366891715
cold_4.0hr_downx.salt_0.5hr_upx.,321.860553239864,252,15.1633893928675
cold_4.0hr_downx.salt_4.0hr_upx.,332.319060250095,504,88.6929117193247
cold_4.0hr_downx.salt_0.5hr_downx.,522.663887836302,2833,10212.4005032455
cold_4.0hr_downx.salt_4hr_downx.,564.23645320197,2721,8244.11285445917
cold_4.0hr_downx.sporeUpx.,12.6809397499053,19,3.14886145915374
cold_4.0hr_downx.caulonemaUpx.,22.8779840848806,29,1.63821596893861
cold_4.0hr_downx.chloronemaUpx.,8.6282682834407,10,0.218079438469243
cold_4.0hr_downx.gamUpx.,15.1648351648352,5,6.81338588947285
cold_4.0hr_downx.rhizUpx.,5.62144751799924,4,0.467689513280671
drought_0.5hr_upx.drought_4.0hr_upx.,318.508560405112,1482,4250.15995893107
drought_0.5hr_upx.drought_0.5hr_downx.,321.226359847049,0,321.226359847049
drought_0.5hr_upx.drought_4hr_downx.,37.1724826897241,116,167.160680043025
drought_0.5hr_upx.salt_0.5hr_upx.,215.845878259671,1797,11582.5624137644
drought_0.5hr_upx.salt_4.0hr_upx.,222.859554238865,1441,6658.30168541352
drought_0.5hr_upx.salt_0.5hr_downx.,350.508457060181,446,26.015448669935
drought_0.5hr_upx.salt_4hr_downx.,378.387819077474,654,200.751901734231
drought_0.5hr_upx.sporeUpx.,8.50408212477178,4,2.38553149993634
drought_0.5hr_upx.caulonemaUpx.,15.3424162044852,17,0.179084180909532
drought_0.5hr_upx.chloronemaUpx.,5.78628268283441,20,34.9152938157748
drought_0.5hr_upx.gamUpx.,10.1698301698302,11,0.0677673014608183
drought_0.5hr_upx.rhizUpx.,3.76985083881636,9,7.25611208978726
drought_4.0hr_upx.drought_0.5hr_downx.,458.552206414275,623,58.9749137326824
drought_4.0hr_upx.drought_4hr_downx.,53.0639016156258,0,53.0639016156257
drought_4.0hr_upx.salt_0.5hr_upx.,308.121051362431,1480,4457.01539764167
drought_4.0hr_upx.salt_4.0hr_upx.,318.133108271039,1593,5108.82253173715
drought_4.0hr_upx.salt_0.5hr_downx.,500.352544007716,735,110.04126842773
drought_4.0hr_upx.salt_4hr_downx.,540.150470219436,814,138.838285062623
drought_4.0hr_upx.sporeUpx.,12.139619001688,11,0.106982885445391
drought_4.0hr_upx.caulonemaUpx.,21.9013744875814,31,3.77989912286902
drought_4.0hr_upx.chloronemaUpx.,8.25994694960212,24,29.9940509958449
drought_4.0hr_upx.gamUpx.,14.5174825174825,18,0.835401592627027
drought_4.0hr_upx.rhizUpx.,5.38148058837714,8,1.27411848773637
drought_0.5hr_downx.drought_4hr_downx.,53.5166902063454,174,271.246743452617
drought_0.5hr_downx.salt_0.5hr_upx.,310.750215301939,351,5.21333562606261
drought_0.5hr_downx.salt_4.0hr_upx.,320.847704020118,573,198.164984730386
drought_0.5hr_downx.salt_0.5hr_downx.,504.621998690964,2817,10596.2324964207
drought_0.5hr_downx.salt_4hr_downx.,544.759516345723,2553,7403.32150091062
drought_0.5hr_downx.sporeUpx.,12.2432050707913,17,1.8481351792863
drought_0.5hr_downx.caulonemaUpx.,22.0882565710152,26,0.692754387609077
drought_0.5hr_downx.chloronemaUpx.,8.33042819249716,8,0.0131065039964303
drought_0.5hr_downx.gamUpx.,14.6413586413586,9,2.17363211297436
drought_0.5hr_downx.rhizUpx.,5.42740018602088,6,0.0604102398443752
drought_4hr_downx.salt_0.5hr_upx.,35.9601777532812,118,187.166272660014
drought_4hr_downx.salt_4.0hr_upx.,37.1286644390093,139,279.50827657772
drought_4hr_downx.salt_0.5hr_downx.,58.39512211926,191,301.121960184519
drought_4hr_downx.salt_4hr_downx.,63.0398566950291,169,178.102434837789
drought_4hr_downx.sporeUpx.,1.41679010644528,1,0.122610958419603
drought_4hr_downx.caulonemaUpx.,2.55606462503014,3,0.0771023608791988
drought_4hr_downx.chloronemaUpx.,0.964001515725654,1,0.00134428302125114
drought_4hr_downx.gamUpx.,1.69430569430569,0,1.69430569430569
drought_4hr_downx.rhizUpx.,0.628061593578835,0,0.628061593578835
salt_0.5hr_upx.salt_4.0hr_upx.,215.591443039719,1638,9384.63082943919
salt_0.5hr_upx.salt_0.5hr_downx.,339.077336456647,0,339.077336456647
salt_0.5hr_upx.salt_4hr_downx.,366.047469771608,423,8.86112039359198
salt_0.5hr_upx.sporeUpx.,8.22673877846292,6,0.602713386316728
salt_0.5hr_upx.caulonemaUpx.,14.8420544972269,12,0.544215342068503
salt_0.5hr_upx.chloronemaUpx.,5.59757483895415,15,15.7935537179143
salt_0.5hr_upx.gamUpx.,9.83816183816184,16,3.85928287796687
salt_0.5hr_upx.rhizUpx.,3.64690481931861,10,11.0674175429504
salt_4.0hr_upx.salt_0.5hr_downx.,350.095284026318,535,97.6584248610947
salt_4.0hr_upx.salt_4hr_downx.,377.941782355575,0,377.941782355575
salt_4.0hr_upx.sporeUpx.,8.49405766647146,7,0.262796462938241
salt_4.0hr_upx.caulonemaUpx.,15.3243308415722,4,8.36842210829134
salt_4.0hr_upx.chloronemaUpx.,5.77946191739295,9,1.7946074720743
salt_4.0hr_upx.gamUpx.,10.1578421578422,16,3.36004514761399
salt_4.0hr_upx.rhizUpx.,3.76540700678632,11,13.9000473741952
salt_0.5hr_downx.salt_4hr_downx.,594.418271383789,2872,8726.81540971199
salt_0.5hr_downx.sporeUpx.,13.3592614282269,14,0.0307311837232503
salt_0.5hr_downx.caulonemaUpx.,24.1017603086569,24,0.00042964332419402
salt_0.5hr_downx.chloronemaUpx.,9.08980674497916,16,5.25322178583292
salt_0.5hr_downx.gamUpx.,15.976023976024,5,7.54086889848521
salt_0.5hr_downx.rhizUpx.,5.92214681869854,7,0.196173366856343
salt_4hr_downx.sporeUpx.,14.4218540080609,22,3.98203286782987
salt_4hr_downx.caulonemaUpx.,26.0188087774295,25,0.0398931147788646
salt_4hr_downx.chloronemaUpx.,9.8128078817734,14,1.78670346410271
salt_4hr_downx.gamUpx.,17.2467532467532,6,7.33410264434361
salt_4hr_downx.rhizUpx.,6.39319301388267,5,0.303602092055827
sporeUpx.caulonemaUpx.,0.584760067518688,0,0.584760067518688
sporeUpx.chloronemaUpx.,0.220538082607048,0,0.220538082607048
sporeUpx.gamUpx.,0.387612387612388,0,0.387612387612388
sporeUpx.rhizUpx.,0.143683902304592,0,0.143683902304592
caulonemaUpx.chloronemaUpx.,0.397877984084881,1,0.911211317418214
caulonemaUpx.gamUpx.,0.699300699300699,0,0.699300699300699
caulonemaUpx.rhizUpx.,0.259223535085604,0,0.259223535085604
chloronemaUpx.gamUpx.,0.263736263736264,1,2.05540293040293
chloronemaUpx.rhizUpx.,0.0977643046608564,0,0.0977643046608564
gamUpx.rhizUpx.,0.171828171828172,0,0.171828171828172
